2.46	2.40	2.54	2.65	250	2.46	2.40	2.54	2.65	0	0.00	0.00	2.22	5.00	0	0	25	185	5000	5000	0	500	50	3.00	2000	1500	0.00
2.46	2.40	2.54	2.65	250	2.46	2.40	2.54	2.65	0	0.00	0.00	2.22	5.00	0	0	25	185	5000	5000	0	500	50	3.00	2000	1500	0.00
2.46	2.40	2.54	2.65	250	2.46	2.40	2.54	2.65	0	0.00	0.00	2.22	5.00	0	0	25	185	5000	5000	0	500	50	3.00	2000	1500	0.00
2.46	2.40	2.54	2.65	250	2.46	2.40	2.54	2.65	0	0.00	0.00	2.22	5.00	0	0	25	185	5000	5000	0	500	50	3.00	2000	1500	0.00
2.46	2.40	2.54	2.65	250	2.46	2.40	2.54	2.65	0	0.00	0.00	2.22	5.00	0	0	25	185	5000	5000	0	500	50	3.00	2000	1500	0.00
2.46	2.40	2.54	2.65	250	2.46	2.40	2.54	2.65	0	0.00	0.00	2.22	5.00	0	0	25	185	5000	5000	0	500	50	3.00	2000	1500	0.00
2.46	2.40	2.54	2.65	250	2.46	2.40	2.54	2.65	0	0.00	0.00	2.22	5.00	0	0	25	185	5000	5000	0	500	50	3.00	2000	1500	0.00
2.46	2.40	2.54	2.65	250	2.46	2.40	2.54	2.65	0	0.00	0.00	2.22	5.00	0	0	25	185	5000	5000	0	500	50	3.00	2000	1500	0.00
2.46	2.40	2.54	2.65	250	2.46	2.40	2.54	2.65	0	0.00	0.00	2.22	5.00	0	0	25	185	5000	5000	0	500	50	3.00	2000	1500	0.00
2.46	2.40	2.54	2.65	250	2.46	2.40	2.54	2.65	0	0.00	0.00	2.22	5.00	0	0	25	185	5000	5000	0	500	50	3.00	2000	1500	0.00
2.46	2.40	2.54	2.65	250	2.46	2.40	2.54	2.65	0	0.00	0.00	2.22	5.00	0	0	25	185	5000	5000	0	500	50	3.00	2000	1500	0.00
2.46	2.40	2.54	2.65	250	2.46	2.40	2.54	2.65	0	0.00	0.00	2.22	5.00	0	0	25	185	5000	5000	0	500	50	3.00	2000	1500	0.00
2.46	2.40	2.54	2.65	250	2.46	2.40	2.54	2.65	0	0.00	0.00	2.22	5.00	0	0	25	185	5000	5000	0	500	50	3.00	2000	1500	0.00
2.46	2.40	2.54	2.65	250	2.46	2.40	2.54	2.65	0	0.00	0.00	2.22	5.00	0	0	25	185	5000	5000	0	500	50	3.00	2000	1500	0.00
2.46	2.40	2.54	2.65	250	2.46	2.40	2.54	2.65	0	0.00	0.00	2.22	5.00	0	0	25	185	5000	5000	0	500	50	3.00	2000	1500	0.00
2.46	2.40	2.54	2.65	250	2.46	2.40	2.54	2.65	0	0.00	0.00	2.22	5.00	0	0	25	185	5000	5000	0	500	50	3.00	2000	1500	0.00
2.46	2.40	2.54	2.65	250	2.46	2.40	2.54	2.65	0	0.00	0.00	2.22	5.00	0	0	25	185	5000	5000	0	500	50	3.00	2000	1500	0.00
2.46	2.40	2.54	2.65	250	2.46	2.40	2.54	2.65	0	0.00	0.00	2.22	5.00	0	0	25	185	5000	5000	0	500	50	3.00	2000	1500	0.00
2.46	2.40	2.54	2.65	250	2.46	2.40	2.54	2.65	0	0.00	0.00	2.22	5.00	0	0	25	185	5000	5000	0	500	50	3.00	2000	1500	0.00
2.46	2.40	2.54	2.65	250	2.46	2.40	2.54	2.65	0	0.00	0.00	2.22	5.00	0	0	25	185	5000	5000	0	500	50	3.00	2000	1500	0.00
